Q1 <- 3.1415

radius <- 3963
Q2 <- Q1 * (radius * 2)

Fibonacci <-c(0,1,1,2,3,5,8,12)
Q3 <- Fibonacci[5]
